x	y	z	metro	Pitch	Roll
-0.09	-0.03	0.88	0.885098865	-6.25	-1.95
-0.09	-0.03	0.87	0.875157129	-6.38	-1.99
-0.09	-0.03	0.87	0.875157129	-6.38	-1.99
-0.09	-0.04	0.87	0.875556966	-6.31	-2.65
-0.09	-0.04	0.87	0.875556966	-6.31	-2.65
-0.09	-0.04	0.87	0.875556966	-6.31	-2.65
-0.1	-0.04	0.87	0.876641318	-7	-2.62
-0.09	-0.03	0.87	0.875157129	-6.38	-1.99
-0.07	-0.02	0.85	0.85311195	-5.26	-1.41
-0.09	-0.04	0.88	0.885494212	-6.18	-2.6
-0.09	-0.04	0.87	0.875556966	-6.31	-2.65
-0.09	-0.03	0.88	0.885098865	-6.25	-1.95
-0.09	-0.03	0.87	0.875157129	-6.38	-1.99
-0.1	-0.04	0.87	0.876641318	-7	-2.62
-0.09	-0.04	0.87	0.875556966	-6.31	-2.65
-0.09	-0.04	0.87	0.875556966	-6.31	-2.65
-0.09	-0.03	0.88	0.885098865	-6.25	-1.95
-0.09	-0.04	0.87	0.875556966	-6.31	-2.65
-0.1	-0.08	0.86	0.869482605	-6.81	-5.33
-0.11	-0.08	0.88	0.890449325	-7.19	-5.07
-0.12	-0.08	0.87	0.881873007	-8	-5.11
-0.12	-0.07	0.87	0.881022134	-8.09	-4.48
-0.13	-0.07	0.88	0.892300398	-8.58	-4.34
-0.1	-0.03	0.87	0.876241976	-7.09	-1.97
-0.1	-0.08	0.87	0.879374778	-6.68	-5.23
-0.09	-0.07	0.88	0.887355622	-5.96	-4.54
-0.1	-0.07	0.87	0.878521485	-6.75	-4.58
-0.1	-0.07	0.88	0.888425574	-6.62	-4.49
-0.11	-0.09	0.87	0.881532756	-7.25	-5.81
-0.11	-0.1	0.88	0.892468487	-7.03	-6.33
-0.08	-0.07	0.88	0.886397202	-5.3	-4.59
-0.08	-0.06	0.87	0.875728268	-5.48	-4.02
-0.1	-0.08	0.87	0.879374778	-6.68	-5.23
-0.1	-0.08	0.87	0.879374778	-6.68	-5.23
-0.09	-0.07	0.88	0.887355622	-5.96	-4.54
-0.1	-0.07	0.87	0.878521485	-6.75	-4.58
-0.1	-0.07	0.87	0.878521485	-6.75	-4.58
-0.1	-0.07	0.87	0.878521485	-6.75	-4.58
-0.1	-0.08	0.87	0.879374778	-6.68	-5.23
-0.1	-0.07	0.87	0.878521485	-6.75	-4.58
-0.11	-0.08	0.87	0.880567999	-7.34	-5.17
-0.11	-0.08	0.88	0.890449325	-7.19	-5.07
-0.11	-0.08	0.87	0.880567999	-7.34	-5.17
-0.1	-0.08	0.87	0.879374778	-6.68	-5.23
-0.1	-0.36	0.78	0.864869932	-5.74	-27.02
0.05	-0.19	0.84	0.862670273	3.13	-13.81
-0.03	-0.02	0.85	0.850764362	-2.26	-1.49
-0.08	-0.06	0.88	0.885663593	-5.37	-3.94
-0.13	-0.07	0.87	0.8824398	-8.75	-4.43
-0.1	-0.07	0.87	0.878521485	-6.75	-4.58
-0.1	-0.05	0.87	0.87715449	-6.92	-3.27
-0.1	-0.05	0.86	0.867236992	-7.06	-3.34
-0.11	-0.02	0.87	0.87715449	-7.88	-1.3
-0.1	-0.03	0.86	0.866314031	-7.24	-2
-0.1	-0.04	0.86	0.866717947	-7.15	-2.67
-0.09	-0.07	0.87	0.877439457	-6.08	-4.63
-0.1	-0.1	0.86	0.871550343	-6.66	-6.66
-0.09	-0.09	0.86	0.869367586	-6.07	-6.07
-0.11	-0.15	0.86	0.879886356	-6.92	-9.82
-0.11	-0.22	0.9	0.933005895	-5.94	-13.79
-0.11	-0.2	0.86	0.889775253	-6.56	-12.99
-0.08	-0.09	0.87	0.878293801	-5.29	-6.01
-0.1	-0.16	0.91	0.929354615	-5.68	-9.61
-0.05	-0.16	0.87	0.886002257	-3.06	-10.98
-0.12	0.06	0.87	0.880284045	-8.18	3.84
-0.13	0.2	0.82	0.853990632	-8.31	13.71
-0.16	0.16	0.85	0.879602183	-10.08	10.08
-0.17	0.11	0.8	0.825227241	-12.49	7.57
-0.12	-0.06	0.93	0.939627586	-7.26	-3.43
-0.16	-0.13	0.88	0.903825204	-9.85	-7.78
-0.11	-0.03	0.9	0.907193474	-7.31	-1.83
-0.17	-0.04	0.83	0.84817451	-12.83	-2.61
-0.09	0.06	0.84	0.846935653	-6.56	4.22
-0.11	0.06	0.86	0.869079973	-7.67	3.96
-0.11	0.07	0.86	0.869827569	-7.58	4.62
-0.11	0.15	0.88	0.899444273	-6.66	9.44
-0.12	0.46	0.71	0.854458893	-6.9	36.25
0.17	0.54	0.84	1.012965942	7.61	31.63
-0.01	0.84	0.56	1.009603883	-0.49	69.15
-0.16	1	0.39	1.085218872	-7.75	72.77
0.1	0.89	0.21	0.919891298	5.99	81.06
0.06	1	-0.03	1.002247474	3.36	86.58
0	1.04	-0.02	1.04019229	0	89.98
0.09	1.02	0.02	1.024158191	4.94	85.03
0.09	1.02	0.04	1.02474387	4.94	84.97
0.08	1.03	0.04	1.033876201	4.35	85.56
0.06	1.02	0.01	1.021812116	3.3	86.69
0.04	1.02	0.01	1.020832993	2.2	87.79
0.13	1.02	0.03	1.028688485	7.12	82.83
0.1	1.02	-0.06	1.026645021	5.47	84.32
0.14	1.03	-0.09	1.043359957	7.54	81.98
0.11	1.02	-0.09	1.029854359	5.99	83.53
0.06	1.04	-0.07	1.044078541	3.23	86.5
-0.12	1.05	-0.05	1.058017013	-6.38	83.47
-0.13	1.05	-0.08	1.061037228	-6.89	82.74
-0.1	1.04	-0.08	1.047854952	-5.36	84.28
-0.1	1.02	-0.07	1.027277957	-5.47	84.25
-0.08	1.06	-0.19	1.079861102	-4.1	83.91
-0.08	1.02	-0.21	1.044461584	-4.22	83.25
-0.08	1.05	-0.21	1.073778376	-4.11	83.44
-0.12	0.99	-0.26	1.03058236	-6.33	79.28
-0.15	1.04	-0.3	1.092748827	-7.41	77.04
-0.16	0.99	-0.36	1.065504575	-7.96	73.78
-0.07	1.05	-0.1	1.057071426	-3.71	85.74
-0.11	1.03	0.02	1.036050192	-5.98	84
-0.1	1.01	0.11	1.020881972	-5.48	83.8
-0.17	0.99	0.2	1.02420701	-9.2	78.3
-0.16	0.95	0.21	0.986002028	-8.97	78.17
-0.14	1	0.2	1.029368739	-7.53	80.04
-0.08	1	0.06	1.004987562	-4.47	85.32
-0.03	1.03	0.02	1.030630875	-1.64	88.34
-0.03	1.03	0.01	1.030485323	-1.64	88.36
-0.03	1.05	0	1.050428484	-1.61	88.39
-0.01	1.05	0.01	1.050095234	-0.54	89.46
-0.01	1.01	-0.01	1.010099005	-0.56	89.44
-0.03	1.02	-0.01	1.020490078	-1.65	88.34
-0.01	1.03	0	1.030048543	-0.55	89.45
-0.01	1.03	0	1.030048543	-0.55	89.45
-0.02	1.04	0.01	1.040240357	-1.08	88.91
0	1.02	0	1.02	0	90
-0.02	1.02	0	1.02019606	-1.1	88.9
-0.03	1.04	0	1.040432602	-1.62	88.38
-0.02	1.03	0	1.030194156	-1.09	88.91
-0.02	1.04	0.01	1.040240357	-1.08	88.91
-0.02	1.03	0	1.030194156	-1.09	88.91
0.08	1.14	-0.01	1.142847321	3.91	86.08
0.56	0.34	0.18	0.67941151	56.19	30.19
-0.13	-0.65	0.65	0.928385696	-6.75	-49.24
-0.31	-0.63	0.74	1.020098035	-14.88	-35.88
-0.12	-0.4	0.83	0.929139387	-6.14	-26.39
-0.1	-0.39	0.83	0.922496612	-5.17	-26.39
-0.1	-0.39	0.82	0.913509715	-5.24	-26.86
-0.1	-0.39	0.83	0.922496612	-5.17	-26.39
-0.1	-0.39	0.83	0.922496612	-5.17	-26.39
-0.09	-0.39	0.83	0.921466223	-4.65	-26.67
-0.09	-0.39	0.83	0.921466223	-4.65	-26.67
-0.09	-0.39	0.83	0.921466223	-4.65	-26.67
-0.09	-0.39	0.83	0.921466223	-4.65	-26.67
-0.1	-0.39	0.83	0.922496612	-5.17	-26.39
-0.09	-0.39	0.83	0.921466223	-4.65	-26.67
-0.1	-0.39	0.83	0.922496612	-5.17	-26.39
-0.09	-0.39	0.83	0.921466223	-4.65	-26.67
-0.09	-0.39	0.83	0.921466223	-4.65	-26.67
-0.09	-0.39	0.84	0.930483745	-4.58	-26.2
-0.09	-0.39	0.83	0.921466223	-4.65	-26.67
-0.1	-0.39	0.83	0.922496612	-5.17	-26.39
-0.09	-0.39	0.83	0.921466223	-4.65	-26.67
-0.1	-0.39	0.83	0.922496612	-5.17	-26.39
-0.09	-0.39	0.83	0.921466223	-4.65	-26.67
-0.09	-0.39	0.83	0.921466223	-4.65	-26.67
-0.09	-0.39	0.83	0.921466223	-4.65	-26.67
-0.09	-0.39	0.83	0.921466223	-4.65	-26.67
-0.09	-0.39	0.83	0.921466223	-4.65	-26.67
-0.09	-0.39	0.83	0.921466223	-4.65	-26.67
-0.09	-0.39	0.83	0.921466223	-4.65	-26.67
-0.09	-0.39	0.83	0.921466223	-4.65	-26.67
-0.09	-0.39	0.83	0.921466223	-4.65	-26.67
-0.09	-0.39	0.83	0.921466223	-4.65	-26.67
-0.09	-0.39	0.83	0.921466223	-4.65	-26.67
-0.09	-0.39	0.83	0.921466223	-4.65	-26.67
0.22	-0.13	0.9	0.93557469	12.94	-7.08
0.57	0.22	0.66	0.899388681	40.38	12.56
0.8	0.33	0.44	0.970824392	56.73	18.47
0.63	0.39	0.52	0.905207159	43.49	23.62
0.67	0.49	0.52	0.979489663	41.69	27.4
0.72	0.35	0.37	0.881929702	55.89	22.22
0.86	0.4	0.22	0.973652916	62.32	23.75
0.9	0.41	0.07	0.991463565	65.22	24.43
0.92	0.43	-0.02	1.015726341	64.9	25.07
0.91	0.42	0.03	1.002696365	65.14	24.79
0.75	0.56	0.18	0.953152664	52	35.41
0.59	0.79	0.18	1.002297361	35.48	52.05
0.31	0.95	0.11	1.005335765	18.05	71.11
0.13	1	0.12	1.015529419	7.17	81.96
0.52	0.83	0.22	1.003842617	30.57	55.82
0.83	0.47	0.19	0.972573905	58.77	28.47
0.87	0.35	0.22	0.963223754	65.17	20.92
0.98	0.28	0.16	1.03169763	72.51	15.8
0.96	0.02	0.07	0.962756459	88.55	1.16
1.2	0.17	0.01	1.212023102	82.13	7.87
0.99	0.14	0.13	1.008265838	81.19	7.77
0.99	-0.02	0.16	1.003045363	87.45	-1.11
0.92	0.22	0.18	0.962912249	75.01	12.76
1.08	0.34	0.11	1.137585162	71.79	17.47
1.01	0.26	0.13	1.050999524	74.45	14.47
1.02	0.01	-0.01	1.020098035	89.44	0.55
0.98	-0.08	0.01	0.983310734	85.42	-4.57
0.99	-0.34	0.04	1.047520883	70.81	-19.09
1	-0.29	0.02	1.041393297	73.59	-16.38
1.05	-0.19	-0.03	1.067473653	79.89	-10.06
1.03	-0.19	-0.04	1.048141212	79.66	-10.24
1.03	-0.21	-0.02	1.051380045	78.67	-11.31
1.01	-0.24	-0.02	1.038315944	76.34	-13.64
1	-0.25	0	1.030776406	75.7	-14.3
1.01	-0.29	0.05	1.051998099	73.64	-16.2
0.99	-0.31	-0.05	1.038604833	72.29	-17.54
1.03	-0.29	0.11	1.075685828	73.46	-15.78
0.98	-0.32	0.09	1.034842983	71.33	-18.13
0.98	-0.23	0.04	1.007422454	76.42	-13.48
1.01	-0.26	0.06	1.044653052	75.13	-14.64
0.99	-0.18	0.01	1.006280279	79.89	-10.1
1.03	-0.13	-0.03	1.038604833	82.89	-7.05
1.04	-0.12	-0.01	1.046947945	83.54	-6.46
1.04	-0.1	-0.03	1.045227248	84.56	-5.38
1.04	-0.08	-0.07	1.045418576	85.43	-4.3
1.04	-0.08	-0.07	1.045418576	85.43	-4.3
1.03	-0.08	-0.09	1.037014947	85.21	-4.32
1.05	-0.07	-0.09	1.056172334	85.84	-3.72
1.02	-0.06	-0.17	1.035808863	85.15	-3.21
1.05	-0.06	-0.17	1.065363788	85.29	-3.13
1.01	-0.06	-0.22	1.035422619	83.81	-3.17
1.03	-0.06	-0.26	1.06400188	82.87	-3.06
1.03	-0.1	-0.21	1.055935604	82.24	-5.23
1.03	-0.15	-0.18	1.056314347	80.18	-7.9
1.03	-0.17	-0.16	1.056124993	79.48	-8.99
1.02	-0.19	-0.17	1.051380045	78.15	-10.09
1.02	-0.2	-0.19	1.056645636	77.25	-10.54
1.03	-0.21	-0.14	1.060471593	77.69	-11.11
1.03	-0.19	-0.1	1.052140675	79.23	-10.16
1.02	-0.21	-0.08	1.044461584	78.25	-11.35
1.03	-0.2	-0.06	1.050951949	79.03	-10.75
1.02	-0.22	-0.03	1.043886967	78.01	-11.93
1.02	-0.21	0	1.041393297	78.58	-11.42
1.02	-0.22	0.07	1.045801128	77.28	-12.42
1.01	-0.22	0.04	1.034456379	77.86	-12.04
0.99	-0.22	0.09	1.018135551	77.28	-12.2
0.94	-0.24	0.14	0.98020406	74.34	-14.32
0.98	-0.22	0.15	1.015529419	76.4	-12.15
1.01	-0.31	0.14	1.06573918	71.77	-16.96
1	-0.18	0.1	1.020979921	79.46	-9.91
0.86	0.09	0.29	0.912030701	78.57	5.31
0.95	-0.23	0.34	1.034891299	69.65	-12.42
1.05	-0.09	0.19	1.070840791	83.32	-4.66
1.02	-0.02	0.11	1.026109156	88.25	-1.09
1.01	-0.09	-0.04	1.014790619	84.92	-4.99
1.01	-0.11	-0.15	1.026985881	82.7	-5.97
1.04	-0.09	-0.02	1.044078541	85.13	-4.85
1.01	-0.11	-0.09	1.019950979	83.47	-6.05
1.03	-0.11	-0.03	1.036291465	83.97	-5.98
1.04	-0.13	-0.1	1.052853266	82.49	-6.93
1.04	-0.15	-0.09	1.054608932	81.53	-8
1.03	-0.14	-0.12	1.046374694	81.65	-7.5
1.05	-0.16	-0.04	1.062873464	81.41	-8.49
1.01	-0.18	0	1.025914226	80.09	-9.91
1.04	-0.18	0.07	1.057780696	80.11	-9.59
1	-0.21	0.07	1.02420701	78.11	-11.58
1	-0.21	0.06	1.023572176	78.18	-11.59
1.01	-0.22	0.09	1.037593369	77.52	-11.97
1.01	-0.22	0.05	1.034891299	77.81	-12.03
1.03	-0.22	0.06	1.054940757	77.46	-12.32
1.04	-0.26	0	1.072007463	75.71	-14.29
1.01	-0.26	0.01	1.04297651	75.31	-14.69
1.03	-0.24	-0.06	1.059292217	76.43	-13.35
1.02	-0.22	-0.03	1.043886967	78.01	-11.93
1.03	-0.21	-0.04	1.051950569	78.61	-11.29
1.03	-0.22	-0.04	1.05399241	78.08	-11.82
1.02	-0.18	-0.06	1.037496988	79.99	-9.79
0.97	-0.09	-0.1	0.979285454	84.24	-5.14
1.02	-0.1	-0.07	1.027277957	84.25	-5.47
1.03	-0.08	-0.1	1.037930634	85.11	-4.32
1.04	-0.08	-0.07	1.045418576	85.43	-4.3
1.04	-0.09	-0.11	1.049666614	84.51	-4.8
1.04	-0.08	-0.08	1.046135746	85.35	-4.29
1.05	-0.08	-0.14	1.062308806	84.71	-4.2
1.04	-0.09	-0.1	1.048665819	84.62	-4.81
1.04	-0.08	-0.17	1.056834897	84.17	-4.2
1.02	-0.06	-0.18	1.037496988	84.96	-3.2
1.03	-0.06	-0.19	1.049094848	84.81	-3.16
1.05	-0.08	-0.22	1.075778788	83.21	-4.1
1.06	-0.07	-0.08	1.065316854	85.96	-3.69
1	-0.07	-0.07	1.004888053	85.81	-3.91
1.03	-0.08	-0.01	1.033150521	85.64	-4.36
1	-0.08	-0.05	1.004440143	85.38	-4.47
1.01	-0.1	0.03	1.015381702	84.41	-5.54
1.03	-0.1	0.02	1.035036231	84.54	-5.44
1.03	-0.14	0.11	1.045275083	81.77	-7.51
0.97	-0.17	0.22	1.009058968	77.38	-9.27
0.8	-0.16	0.43	0.922225569	66.93	-9.01
0.76	-0.18	0.5	0.92736185	60.89	-9.87
1.1	-0.13	0.04	1.108377192	83.36	-6.55
1.05	-0.16	-0.63	1.234908904	62.36	-6.21
0.76	-0.11	-0.79	1.101725919	46.07	-4.43
0.8	-0.11	-0.74	1.095308176	50.56	-4.54
0.74	-0.07	-0.76	1.063061616	48.83	-2.96
0.6	0.04	-0.64	0.878179936	53.4	2.24
0.84	-0.08	0.41	0.938136451	73.64	-4.43
0.79	-0.22	0.59	1.010247494	54.78	-10.72
0.76	-0.22	0.52	0.94678403	57.1	-12.3
0.74	-0.22	0.55	0.947892399	55.28	-11.66
0.74	-0.22	0.53	0.936429389	56.39	-11.89
0.76	-0.22	0.54	0.957914401	56.02	-12.07
0.76	-0.22	0.52	0.94678403	57.1	-12.3
0.74	-0.22	0.53	0.936429389	55.87	-12.41
0.91	-0.07	-0.45	1.017595204	73.42	-3.52
0.89	-0.11	-0.62	1.090229334	61.31	-4.84
0.91	-0.1	-0.58	1.083743512	64.67	-4.5
0.87	-0.1	-0.64	1.084665847	60.04	-4.39
0.61	-0.08	-0.85	1.049285471	37.1	-3.37
0.62	-0.04	-0.87	1.069065012	37.73	-1.63
0.65	-0.04	-0.81	1.039326705	43.2	-1.71
0.66	-0.04	-0.85	1.076893681	41.09	-1.61
0.67	-0.04	-0.81	1.051950569	44.04	-1.68
0.77	-0.04	-0.85	1.147606204	45.37	-1.5
0.88	-0.16	0.35	0.960468636	72.33	-8.86
0.76	-0.17	0.54	0.947681381	59.16	-8.98
0.75	-0.18	0.51	0.9246621	60.01	-9.87
0.76	-0.2	0.53	0.947892399	58.12	-10.64
0.79	-0.2	0.5	0.95608577	60.72	-10.64
0.76	-0.19	0.54	0.951472543	58.09	-10.02
0.77	-0.2	0.5	0.939627586	60.1	-10.84
0.75	-0.2	0.55	0.95131488	56.66	-10.52
0.76	-0.2	0.51	0.936856446	59.24	-10.84
0.77	-0.21	0.53	0.958070979	57.93	-11.05
0.76	-0.19	0.52	0.94026592	59.22	-10.21
0.76	-0.2	0.52	0.942337519	58.68	-10.74
0.76	-0.2	0.53	0.947892399	58.12	-10.64
0.79	-0.16	0.48	0.938136451	64.02	-8.71
0.78	-0.11	0.57	0.972316821	61.25	-5.57
0.76	-0.12	0.49	0.912195155	64.96	-6.68
0.77	-0.1	0.53	0.940106377	64.02	-5.31
0.83	-0.01	0.48	0.958853482	73.94	-0.53
0.86	-0.02	0.42	0.957287836	77.15	-1.08
0.77	-0.01	0.48	0.907413908	72.79	-0.56
0.91	0	0.46	1.019656805	76.93	0
0.93	0.12	0.31	0.98762341	76.96	6.52
1	0.09	0.11	1.010049504	84.3	4.98
0.99	-0.02	0.03	0.990656348	88.82	-1.13
1.01	-0.11	-0.03	1.016415269	83.86	-6.09
1.02	-0.12	0.02	1.027229283	83.4	-6.58
1.05	-0.15	-0.08	1.063672882	81.69	-7.93
1.04	-0.13	-0.04	1.04885652	82.92	-6.98
1.03	-0.12	-0.08	1.040048076	83.14	-6.48
1.04	-0.13	-0.1	1.052853266	82.49	-6.93
1.04	-0.14	-0.11	1.055130324	81.85	-7.44
1.02	-0.13	-0.16	1.040624812	81.52	-6.96
1.03	-0.13	-0.19	1.05541461	81.05	-6.83
1.01	-0.15	-0.35	1.07939798	74.96	-7.39
0.98	-0.15	-0.38	1.061743849	73.37	-7.44
0.97	-0.17	-0.49	1.099954545	67.29	-7.84
1.01	-0.19	-0.2	1.046995702	77.46	-10.08
1.01	-0.22	-0.19	1.050999524	75.56	-12.18
1.01	-0.31	-0.05	1.057686154	72.62	-17.22
1.01	-0.27	-0.06	1.047186707	74.61	-15.16
0.98	-0.18	-0.04	0.997196069	79.71	-10.19
1	-0.1	-0.01	1.005037313	84.4	-5.6
1.04	-0.12	-0.03	1.047329938	83.49	-6.45
1.04	-0.11	-0.01	1.045848937	84.07	-5.92
1.02	-0.12	0	1.027034566	83.42	-6.58
1.02	-0.11	0.06	1.027667261	83.77	-6.02
1	-0.12	0.03	1.00762096	83.24	-6.7
1.03	-0.13	-0.01	1.03821963	82.94	-7.06
1.03	-0.11	-0.06	1.037593369	83.83	-5.96
1.02	-0.12	-0.04	1.027813213	83.33	-6.57
1.05	-0.13	-0.05	1.05919781	82.94	-6.91
1.03	-0.11	-0.05	1.037063161	83.89	-5.97
1.03	-0.11	-0.04	1.036629153	83.93	-5.97
1.03	-0.11	-0.07	1.03821963	83.76	-5.95
1.03	-0.12	-0.03	1.037400598	83.43	-6.51
1.03	-0.12	-0.08	1.040048076	83.14	-6.48
1.04	-0.11	-0.03	1.046231332	84.03	-5.92
1	-0.11	0.32	1.055698821	78.02	-5.58
0.74	-0.13	0.73	1.047568614	48.19	-5.67
0.33	-0.1	0.76	0.834565755	26.08	-6.11
0.14	-0.03	0.87	0.881702898	9.87	-1.88
-0.01	-0.06	0.9	0.902053214	-0.65	-4.1
0.21	0.08	0.84	0.869540108	14.66	4.9
0.15	0.14	0.8	0.825893456	10.66	9.84
0.02	0.1	0.85	0.856095789	1.36	7.5
0.02	0.11	0.86	0.867236992	1.32	8.06
0.05	0.14	0.83	0.843208159	3.38	10.49
0.02	0.13	0.86	0.87	1.29	9.5
0.03	0.13	0.94	0.949420876	1.67	7.95
0	0.03	0.87	0.870517088	0	2.22
0.01	0.03	0.85	0.850588032	0.74	2.29
0.04	-0.05	0.83	0.832466216	3.03	-3.83
-0.22	-0.06	0.92	0.947839649	-13.98	-3.14
-0.14	0.02	0.86	0.871550343	-10.21	1.28
-0.14	0.03	0.86	0.871837141	-10.09	1.92
-0.05	0.02	0.87	0.871665073	-3.6	1.39
-0.03	0.04	0.86	0.861452262	-2.16	2.91
-0.02	0.05	0.87	0.871665073	-1.39	3.6
-0.02	0.06	0.87	0.872295821	-1.37	4.32
0.01	0.06	0.86	0.862148479	0.7	4.47
0.01	0.07	0.86	0.86290208	0.69	5.21
0.02	0.07	0.86	0.863075895	1.39	5.15
0.04	0.08	0.86	0.864638653	2.74	5.73
0.04	0.1	0.86	0.866717947	2.67	7.15
0.04	0.1	0.86	0.866717947	2.67	7.15
0.02	0.1	0.86	0.866025404	1.34	7.33
-0.04	0.04	0.88	0.881816307	-2.75	2.75
-0.03	0.04	0.87	0.871435597	-2.11	2.85
-0.03	0.05	0.86	0.861974478	-2.13	3.64
-0.04	0.04	0.88	0.881816307	-2.75	2.75
-0.05	0.04	0.87	0.87235314	-3.51	2.78
-0.05	0.03	0.87	0.871951834	-3.56	2.08
-0.05	0.03	0.88	0.881929702	-3.48	2.04
-0.05	0.03	0.87	0.871951834	-3.56	2.08
-0.05	0.03	0.87	0.871951834	-3.56	2.08
-0.06	0.01	0.88	0.882099768	-4.28	0.67
-0.07	0.01	0.88	0.882836338	-4.99	0.66
-0.06	0.01	0.87	0.872123844	-4.37	0.69
-0.07	0.01	0.87	0.872868833	-5.1	0.68
-0.06	0.01	0.88	0.882099768	-4.28	0.67
-0.07	0.01	0.88	0.882836338	-4.99	0.66
-0.06	0.02	0.88	0.8822698	-4.23	1.35
-0.06	0.01	0.87	0.872123844	-4.37	0.69
-0.07	0.02	0.88	0.883006229	-4.93	1.33
-0.06	0.01	0.87	0.872123844	-4.37	0.69
-0.07	0.01	0.87	0.872868833	-5.1	0.68
-0.07	0.01	0.88	0.882836338	-4.99	0.66
-0.09	0.01	0.87	0.874699949	-6.55	0.66
-0.08	0.03	0.87	0.874185335	-5.68	2.01
-0.08	0.04	0.86	0.864638653	-5.73	2.74
-0.07	0.04	0.88	0.883685464	-4.81	2.66
-0.04	0.05	0.82	0.822496201	-3.1	3.92
-0.07	0.06	0.86	0.864927743	-4.9	4.15
-0.06	0.05	0.87	0.873498712	-4.16	3.43
-0.06	0.06	0.87	0.874128137	-4.11	4.11
-0.08	0.06	0.87	0.875728268	-5.48	4.02
-0.08	0.05	0.96	0.964624279	-4.63	2.81
-0.16	-0.18	0.92	0.950999474	-8.72	-9.97
-0.27	-0.65	0.92	1.158360911	-10.35	-30.36
-0.57	-0.68	0.65	1.099909087	-27.26	-34.84
-0.72	-0.77	0.45	1.14621115	-36.59	-39.84
-0.7	-0.71	0.47	1.102270384	-37.01	-37.68
-0.69	-0.71	0.48	1.100272693	-36.35	-37.69
-0.7	-0.71	0.47	1.102270384	-37.01	-37.68
-0.7	-0.7	0.47	1.09585583	-37.3	-37.3
-0.7	-0.71	0.48	1.106571281	-36.74	-37.4
-0.7	-0.71	0.48	1.106571281	-36.74	-37.4
-0.7	-0.7	0.48	1.100181803	-37.02	-37.02
-0.7	-0.7	0.48	1.100181803	-37.02	-37.02
-0.7	-0.7	0.48	1.100181803	-37.02	-37.02
-0.69	-0.7	0.48	1.093846424	-36.64	-37.31
-0.7	-0.72	0.48	1.113013926	-36.45	-37.78
-0.69	-0.7	0.49	1.098271369	-36.36	-37.03
-0.69	-0.7	0.48	1.093846424	-36.64	-37.31
-0.69	-0.7	0.48	1.093846424	-36.64	-37.31
-0.69	-0.7	0.48	1.093846424	-36.64	-37.31
-0.69	-0.7	0.49	1.098271369	-36.36	-37.03
-0.69	-0.7	0.49	1.098271369	-36.36	-37.03
-0.61	-0.65	0.6	1.07452315	-30.95	-34.26
-0.57	-0.67	0.61	1.070467188	-28.56	-35.83
-0.57	-0.69	0.64	1.100272693	-27.32	-35.56
-0.51	-0.76	0.64	1.116825859	-23.55	-39.9
-0.57	-0.96	0.36	1.173072888	-27.51	-53.93
-0.72	-0.99	0.15	1.233288287	-35.64	-52.97
-0.81	-0.78	0.26	1.154166366	-43.61	-41.59
-0.82	-0.78	0.27	1.163486141	-43.78	-41.11
-0.82	-0.78	0.29	1.168289348	-43.41	-40.76
-0.82	-0.77	0.3	1.164173527	-43.54	-40.23
-0.81	-0.76	0.3	1.150521621	-43.52	-40.17
-0.8	-0.76	0.31	1.146167527	-42.98	-40.29
-0.81	-0.76	0.31	1.153169545	-43.32	-39.98
-0.79	-0.76	0.31	1.139210253	-42.62	-40.6
-0.82	-0.77	0.33	1.172262769	-42.93	-39.66
